0.009379830559663543 -5.8793954944680864e-05 -0.038776496375000157 0.11751979508155339
0.002385542397182467 0.002277183363859868 -0.10167193637500006 0.13997966854624788
0.0001609772598963397 0.0018265764419972887 -0.08221935537499989 0.10536514505424677
0.0014470390510988027 0.0006707215131122348 -0.04153906412499995 0.0687263822780761
0.0009468009117069292 0.001653804319554004 -0.10368457087499983 0.10401264976289193
-0.00035871466266315026 5.793318995178798e-05 -0.015165154000000002 0.04556856944530242
0.0012731503897155238 -0.0024340815885781184 -0.01831133825000002 0.07327689674098478
0.0014153625054608772 -0.0018808318452278633 -0.013745101124999978 0.0594387020702768
0.0008957067669984805 0.00030394432562083954 -0.03371478387500001 0.06959987357737972
0.003055876392811351 0.0014299909478941687 -0.019784069000000057 0.10391613267612151
-0.0005436035727439223 -0.0007417220886134021 -0.023426787500000212 0.029278606339325795
-0.000683168006589158 -8.202180591069688e-05 -0.0275360617500001 0.04904232463863038
0.0005485149464747507 0.0005377997498687717 -0.025445111500000096 0.03666695025582232
0.00035589624376080985 0.0006536247391425747 -0.02719627499999996 0.03398324436336476
0.0008231176680005856 0.0019905745519868258 -0.031869745250000116 0.05786478740996171
0.0006282608013978072 -0.00028684043372212095 -0.03276415725000002 0.04198908718988621
6.848085706264974e-05 -0.0001168287077912392 -0.026658416999999938 0.031461390568189654
0.006750431475143097 0.006253450223214012 -0.09184932099999972 0.16300046035274093
-3.56415678521091e-06 -0.0017872034076333665 -0.1276549645000003 0.13339151941300362
-0.001356243991582079 0.001996871419677495 -0.1294357294999998 0.14614540231195375
0.00026943672935410745 -0.000341658511495171 -0.02950280725000006 0.08546151940096997
0.001511176656412939 -0.0009563905069723375 -0.04376131762500019 0.06646605821590731
-7.734655606196198e-05 -0.0010036449492314826 -0.010275616999999996 0.0678323310611919
0.0021170708484635464 -0.0029342813560383854 -0.06056706024999998 0.13735858971681586
-0.002888665184800832 0.012267484859922025 -0.014008631250000018 0.14356777082162592
-0.0235874435359853 0.0005204902124366665 -0.008593565125000046 0.11955447365124075
-0.013480337103912542 0.005177485010760579 -0.008199303124999988 0.12466665105787464
-0.0213420111884681 0.0012845489473432602 -0.011799155374999946 0.12472103554246934
0.00124642114324342 -0.0004127044515996293 -0.017875379374999972 0.18849276478036
-0.004786885145257678 0.012250904079637298 -0.031080051499999876 0.12438510841094584
0.0014478298195776706 0.0009802940007200458 -0.08033135325000056 0.1392395759670039
0.0026390322791908214 0.0055566291831534425 -0.007858973874999989 0.12954034135299888
0.00028817297109763796 0.00033152894963898305 -0.013759679500000068 0.05178165079993141
0.00011561825909580649 0.004890493151428218 -0.009182842374999977 0.06257899921613608
-0.003237411839583246 0.006423882918400116 -0.00773631012499999 0.11265792292291409
-0.009166964300117373 -0.004485314971055062 -0.019367265125000026 0.13552985374539292
-0.008206219942970704 0.007938738812361089 -0.019033654124999966 0.13534338907120133
-0.014961351796084809 0.03493254149067524 -0.016288371875 0.23277519153768492
0.0004543017218915853 0.0001685275737578935 -0.012344854124999983 0.054062109091118415
-0.00037075064057834285 0.000875711508751039 -0.020505856999999968 0.09796122202405279
0.00025999721083696923 -0.0008033177783607659 -0.018500756624999965 0.1265656615313827
-0.00014209813105448677 0.0001227828144109355 -0.0634489911250002 0.06636770445798938
-0.000280682396659065 -0.002080073918586678 -0.04822889187500008 0.05135214691043808
-0.0006868054203643902 0.0006880555498506831 -0.032895828375000054 0.040957435653715506
0.0010085663310607264 -0.0010191582571453855 -0.03022229237500001 0.03699513970417471
-0.0007674765687014582 0.0012250165459409446 -0.024326748750000005 0.0316937013580092
6.36263315223439e-05 0.00033062081134414297 -0.018892648 0.023659364692615883
0.0009276383314791959 0.0014795627719703715 -0.01555082025000002 0.16136092219876705
-0.00048256711726213765 0.0005340304759957622 -0.025864416125000008 0.05217591375101454
-0.00012609068538542255 0.0002442192603866184 -0.007620246624999986 0.012609777881319192
0.0002334012735871052 0.00033258753169492606 -0.04874114849999984 0.04946468504468938
-0.00022145729836586326 0.0010380750762222508 -0.015091186749999971 0.020025757586084627
0.000416952354505409 0.0006364283895960455 -0.03224822450000001 0.042527189446121334
0.00012310058652056062 0.0008886628017408782 -0.03306442887499991 0.044476696550101495
0.000407262742976285 0.0012054408620722809 -0.035327884000000156 0.047907815492728364
0.00011003694543739261 0.0005141317761227483 -0.0370823143750001 0.05037861686143981
0.0003823258135809974 6.326958321620614e-05 -0.038267608875000116 0.05310414514996649
0.00037112445967093155 -0.0014520169945443247 -0.04094839512500019 0.05756333572960214
-0.0007059203517794653 0.00011343283666765728 -0.039737143249999995 0.05814201142520133
-0.00019083556939869845 6.851676143625143e-05 -0.04052991712500012 0.05997701898465881
-0.00010801884146325062 2.901428294074489e-05 -0.039502725499999974 0.061669048598344864
0.00114221978847117 0.00037216100360529784 -0.039927086250000035 0.06462916031018111
-0.0041422162003268885 -0.000530492026815032 -0.09491851337500004 0.11714231058387878
0.00024029809693191248 3.7151684757861976e-05 -0.01143561175 0.022461922139678556
-0.008472787301599245 -0.0021129514245722294 -0.015895937875000005 0.10357882132781766
0.00023295368656910557 0.0007252034096373469 -0.10842419650000003 0.161898829687963
-0.005096924373510525 -0.003091057075365145 -0.03604567200000001 0.09725175021653554
4.3581297491225164e-05 -0.00014138128626448512 -0.03421701787500001 0.03684545471330014
-1.7613534751145527e-05 -0.00020665257769071236 -0.043430700499999905 0.043496829044930733
-6.353660454805983e-05 0.0001907827172151973 -0.04660612700000016 0.046781899715379896
-0.00021685551837021487 9.957788772309118e-05 -0.01293979737500001 0.036962599731155885
-0.00033993830498182823 2.7627249461062804e-05 -0.02269105549999997 0.029855761961478832
-8.507034860554447e-05 -0.0003472494211245603 -0.011415102374999988 0.037322343162333516
0.0005621850756211491 -0.00033589346538481676 -0.024510451124999923 0.03528975815447943
-0.00015339939351953879 0.00042738406134670425 -0.02097435675 0.05492834191383662
0.0006994491274249242 -0.00031962749922443854 -0.0223091422500001 0.030688912960102486
0.0009371543751674672 0.0033720772939039006 -0.02279331450000002 0.1996609043180856
7.716939747264226e-05 3.444448930428139e-05 -0.021606731250000004 0.05244531349563415
