0.009379830559663543 -5.8793954944680864e-05 -0.038776496375000157 0.11751979508155339
0.002385542397182467 0.002277183363859868 -0.10167193637500006 0.13997966854624788
0.0001609772598963397 0.0018265764419972887 -0.08221935537499989 0.10536514505424677
0.0014470390510988027 0.0006707215131122348 -0.04153906412499995 0.0687263822780761
0.0009468009117069292 0.001653804319554004 -0.10368457087499983 0.10401264976289193
0.0012731503897155238 -0.0024340815885781184 -0.01831133825000002 0.07327689674098478
0.0014153625054608772 -0.0018808318452278633 -0.013745101124999978 0.0594387020702768
0.0008957067669984805 0.00030394432562083954 -0.03371478387500001 0.06959987357737972
0.003055876392811351 0.0014299909478941687 -0.019784069000000057 0.10391613267612151
0.0008231176680005856 0.0019905745519868258 -0.031869745250000116 0.05786478740996171
0.006750431475143097 0.006253450223214012 -0.09184932099999972 0.16300046035274093
0.00026943672935410745 -0.000341658511495171 -0.02950280725000006 0.08546151940096997
0.001511176656412939 -0.0009563905069723375 -0.04376131762500019 0.06646605821590731
-7.734655606196198e-05 -0.0010036449492314826 -0.010275616999999996 0.0678323310611919
0.0021170708484635464 -0.0029342813560383854 -0.06056706024999998 0.13735858971681586
-0.002888665184800832 0.012267484859922025 -0.014008631250000018 0.14356777082162592
-0.0235874435359853 0.0005204902124366665 -0.008593565125000046 0.11955447365124075
-0.013480337103912542 0.005177485010760579 -0.008199303124999988 0.12466665105787464
-0.0213420111884681 0.0012845489473432602 -0.011799155374999946 0.12472103554246934
0.00124642114324342 -0.0004127044515996293 -0.017875379374999972 0.18849276478036
-0.004786885145257678 0.012250904079637298 -0.031080051499999876 0.12438510841094584
0.0014478298195776706 0.0009802940007200458 -0.08033135325000056 0.1392395759670039
0.0026390322791908214 0.0055566291831534425 -0.007858973874999989 0.12954034135299888
0.00028817297109763796 0.00033152894963898305 -0.013759679500000068 0.05178165079993141
0.00011561825909580649 0.004890493151428218 -0.009182842374999977 0.06257899921613608
-0.003237411839583246 0.006423882918400116 -0.00773631012499999 0.11265792292291409
-0.009166964300117373 -0.004485314971055062 -0.019367265125000026 0.13552985374539292
-0.008206219942970704 0.007938738812361089 -0.019033654124999966 0.13534338907120133
-0.014961351796084809 0.03493254149067524 -0.016288371875 0.23277519153768492
0.0004543017218915853 0.0001685275737578935 -0.012344854124999983 0.054062109091118415
-0.00037075064057834285 0.000875711508751039 -0.020505856999999968 0.09796122202405279
0.00025999721083696923 -0.0008033177783607659 -0.018500756624999965 0.1265656615313827
-0.00014209813105448677 0.0001227828144109355 -0.0634489911250002 0.06636770445798938
-0.000280682396659065 -0.002080073918586678 -0.04822889187500008 0.05135214691043808
0.0009276383314791959 0.0014795627719703715 -0.01555082025000002 0.16136092219876705
-0.00048256711726213765 0.0005340304759957622 -0.025864416125000008 0.05217591375101454
0.00011003694543739261 0.0005141317761227483 -0.0370823143750001 0.05037861686143981
0.0003823258135809974 6.326958321620614e-05 -0.038267608875000116 0.05310414514996649
0.00037112445967093155 -0.0014520169945443247 -0.04094839512500019 0.05756333572960214
-0.0007059203517794653 0.00011343283666765728 -0.039737143249999995 0.05814201142520133
-0.00019083556939869845 6.851676143625143e-05 -0.04052991712500012 0.05997701898465881
-0.00010801884146325062 2.901428294074489e-05 -0.039502725499999974 0.061669048598344864
0.00114221978847117 0.00037216100360529784 -0.039927086250000035 0.06462916031018111
-0.0041422162003268885 -0.000530492026815032 -0.09491851337500004 0.11714231058387878
-0.008472787301599245 -0.0021129514245722294 -0.015895937875000005 0.10357882132781766
0.00023295368656910557 0.0007252034096373469 -0.10842419650000003 0.161898829687963
-0.005096924373510525 -0.003091057075365145 -0.03604567200000001 0.09725175021653554
-0.00015339939351953879 0.00042738406134670425 -0.02097435675 0.05492834191383662
0.0009371543751674672 0.0033720772939039006 -0.02279331450000002 0.1996609043180856
7.716939747264226e-05 3.444448930428139e-05 -0.021606731250000004 0.05244531349563415
