0.016866726309663575 0.009771745795055319 -0.13999
0.01480884014718247 0.014060821113859862 -0.210194
0.00779986888489634 0.01694155631699728 -0.176046
0.009285697676098808 -0.08417273548688776 -0.101934
0.015058514911706926 0.023137482819554 -0.188148
-0.0009902667352844805 -0.018888075213578128 -0.038392
0.022696946630460877 0.007944429779772142 -0.029529
0.032606390016998485 0.02639476557562084 -0.080355
0.0074288357678113605 -0.004507257802105839 -0.036333
0.032364676293000584 -0.01289487082301317 -0.065484
0.006794937100143121 -0.03985999327678598 -0.239565
0.014740029729354108 0.04386218798850483 -0.054479
0.017752764656412935 -0.017166843256972333 -0.080771
0.015797230068938038 -0.013025592949231479 -0.019123
-0.008389488526536445 -0.02474693060603839 -0.071077
0.011209032690199176 -3.085076507800516e-05 -0.023614
0.02258148183901465 0.021933059462436667 -0.014984
0.03824033302108746 0.002949707885760587 -0.020279
0.015299735186531948 0.02831977069734326 -0.015225
-0.0011199571067565797 0.09109711217340037 -0.032245
0.031597498354742314 -0.0205373127953627 -0.05412
-0.02353174455542233 0.010122348750720047 -0.205946
-0.016571573595809186 -0.006565532691846557 -0.015309
0.017667424971097637 -0.008322158300361019 -0.02882
0.035706934884095806 0.008310396651428211 -0.018622
-0.0017387858395832407 0.025907909293400106 -0.011673
0.009883780949882636 -0.015918550346055087 -0.035156
-0.013737425067970722 0.01353130768736109 -0.034634
0.034875294578915174 0.003506709490675028 -0.032223
-0.016100716528108416 0.014898976323757893 -0.025668
0.004879086609421658 0.01226354025875104 -0.03882
0.023550315960836968 0.035444696346639236 -0.035918
0.005928050493945512 -0.011485727185589064 -0.125064
0.019666593478340936 -0.010880937293586683 -0.094269
0.03451522308147919 -0.018710851728029623 -0.024616
0.018574275257737864 -0.016992839899004235 -0.050847
0.019803910195437393 0.06272790190112275 -0.068336
0.021260278188581 0.0784735077082162 -0.070076
0.03267057383467093 -0.02610195324454432 -0.071699
-0.014438908851779463 -0.027954843913332344 -0.073247
-0.0034299011943986985 -0.014140640363563748 -0.074451
0.011324221033536749 -0.002070497217059255 -0.074849
0.023741431288471167 0.016844198628605297 -0.074936
-0.018714006325326896 -0.010363268276815033 -0.164753
0.0022228561984007685 -0.022361641549572236 -0.040354
-0.035794140313430894 -0.03019536521536265 -0.182686
0.05388110312648948 -0.008367475200365137 -0.058886
0.02336264485648046 0.0498438134363467 -0.042802
0.014734180125167466 0.0791905944189039 -0.058915
0.01620233852247264 0.0004857891143042807 -0.057624
